<?xml version="1.0"?>
<opencv_storage>
<viff000_matrix type_id="opencv-matrix">
  <rows>3</rows>
  <cols>4</cols>
  <dt>f</dt>
  <data>
    1.72891980e+03 4.69558533e+02 -3.45716858e+00 3.62931680e+04
    9.71319504e+01 2.48860031e+02 -1.71952820e+03 4.40654258e+04
    9.09126997e-02 9.88125861e-01 -1.23863481e-01 5.68904305e+01</data></viff000_matrix>
<viff001_matrix type_id="opencv-matrix">
  <rows>3</rows>
  <cols>4</cols>
  <dt>f</dt>
  <data>
    1.62176611e+03 7.61269409e+02 -1.99562073e+00 3.62504297e+04
    5.81319618e+01 2.53553177e+02 -1.72060291e+03 4.40391562e+04
    -8.08197111e-02 9.88356173e-01 -1.28919736e-01 5.68722153e+01</data></viff001_matrix>
<viff002_matrix type_id="opencv-matrix">
  <rows>3</rows>
  <cols>4</cols>
  <dt>f</dt>
  <data>
    1.46657568e+03 1.02898193e+03 -3.59236908e+00 3.62900625e+04
    1.86208038e+01 2.49992249e+02 -1.72200476e+03 4.40917578e+04
    -2.49314860e-01 9.58953321e-01 -1.35094777e-01 5.69597168e+01</data></viff002_matrix>
<viff003_matrix type_id="opencv-matrix">
  <rows>3</rows>
  <cols>4</cols>
  <dt>f</dt>
  <data>
    1.26594592e+03 1.26766211e+03 -8.62017059e+00 3.63832031e+04
    -2.09857025e+01 2.38582092e+02 -1.72359546e+03 4.41884062e+04
    -4.11498725e-01 9.00322914e-01 -1.41730368e-01 5.70990334e+01</data></viff003_matrix>
<viff004_matrix type_id="opencv-matrix">
  <rows>3</rows>
  <cols>4</cols>
  <dt>f</dt>
  <data>
    1.02819067e+03 1.46704419e+03 -1.63245850e+01 3.64722734e+04
    -5.87024231e+01 2.20120743e+02 -1.72517944e+03 4.42895000e+04
    -5.60443461e-01 8.14847589e-01 -1.48076251e-01 5.72459793e+01</data></viff004_matrix>
<viff005_matrix type_id="opencv-matrix">
  <rows>3</rows>
  <cols>4</cols>
  <dt>f</dt>
  <data>
    7.52899353e+02 1.62544971e+03 -2.67746735e+01 3.65275859e+04
    -9.52485809e+01 1.94540161e+02 -1.72662244e+03 4.43190156e+04
    -6.95443094e-01 7.02010393e-01 -1.53428525e-01 5.73049812e+01</data></viff005_matrix>
<viff006_matrix type_id="opencv-matrix">
  <rows>3</rows>
  <cols>4</cols>
  <dt>f</dt>
  <data>
    4.59603882e+02 1.73119629e+03 -3.72121658e+01 3.65457656e+04
    -1.27351624e+02 1.64610748e+02 -1.72766541e+03 4.43014219e+04
    -8.06632996e-01 5.69826901e-01 -1.56972885e-01 5.72984505e+01</data></viff006_matrix>
<viff007_matrix type_id="opencv-matrix">
  <rows>3</rows>
  <cols>4</cols>
  <dt>f</dt>
  <data>
    1.48633972e+02 1.78476538e+03 -4.67100487e+01 3.65008867e+04
    -1.54786652e+02 1.30554077e+02 -1.72833447e+03 4.42215391e+04
    -8.94165695e-01 4.18582827e-01 -1.58921614e-01 5.72055168e+01</data></viff007_matrix>
<viff008_matrix type_id="opencv-matrix">
  <rows>3</rows>
  <cols>4</cols>
  <dt>f</dt>
  <data>
    -1.63345978e+02 1.78325244e+03 -5.46772156e+01 3.64557969e+04
    -1.75571472e+02 9.39472351e+01 -1.72872546e+03 4.41327695e+04
    -9.53280807e-01 2.56351441e-01 -1.59811318e-01 5.70989952e+01</data></viff008_matrix>
<viff009_matrix type_id="opencv-matrix">
  <rows>3</rows>
  <cols>4</cols>
  <dt>f</dt>
  <data>
    -4.72201965e+02 1.72710364e+03 -6.16397552e+01 3.64384609e+04
    -1.88671906e+02 5.50428505e+01 -1.72902185e+03 4.40838750e+04
    -9.83342111e-01 8.53238106e-02 -1.60493553e-01 5.70402451e+01</data></viff009_matrix>
<viff010_matrix type_id="opencv-matrix">
  <rows>3</rows>
  <cols>4</cols>
  <dt>f</dt>
  <data>
    -7.61497314e+02 1.62023279e+03 -6.80331573e+01 3.64615391e+04
    -1.93236877e+02 1.60050812e+01 -1.72931970e+03 4.40745234e+04
    -9.83203351e-01 -8.52313787e-02 -1.61390230e-01 5.70415077e+01</data></viff010_matrix>
<viff011_matrix type_id="opencv-matrix">
  <rows>3</rows>
  <cols>4</cols>
  <dt>f</dt>
  <data>
    -1.02850403e+03 1.46498486e+03 -7.52321777e+01 3.65420586e+04
    -1.89774933e+02 -2.36007080e+01 -1.72961597e+03 4.41252539e+04
    -9.53610659e-01 -2.53526837e-01 -1.62329376e-01 5.71152534e+01</data></viff011_matrix>
<viff012_matrix type_id="opencv-matrix">
  <rows>3</rows>
  <cols>4</cols>
  <dt>f</dt>
  <data>
    -1.26757324e+03 1.26328711e+03 -8.38121567e+01 3.66706602e+04
    -1.78224655e+02 -6.34552307e+01 -1.72984180e+03 4.42226914e+04
    -8.94503117e-01 -4.16305721e-01 -1.62953064e-01 5.72489395e+01</data></viff012_matrix>
<viff013_matrix type_id="opencv-matrix">
  <rows>3</rows>
  <cols>4</cols>
  <dt>f</dt>
  <data>
    -1.46650244e+03 1.02486792e+03 -9.31524048e+01 3.67984453e+04
    -1.59123032e+02 -1.01248871e+02 -1.72990503e+03 4.43268438e+04
    -8.08606148e-01 -5.65347135e-01 -1.62907019e-01 5.73860550e+01</data></viff013_matrix>
<viff014_matrix type_id="opencv-matrix">
  <rows>3</rows>
  <cols>4</cols>
  <dt>f</dt>
  <data>
    -1.62396033e+03 7.49638916e+02 -1.02252510e+02 3.68819336e+04
    -1.33705460e+02 -1.37732147e+02 -1.72953638e+03 4.43716836e+04
    -6.95766807e-01 -7.00014412e-01 -1.60898611e-01 5.74428444e+01</data></viff014_matrix>
<viff015_matrix type_id="opencv-matrix">
  <rows>3</rows>
  <cols>4</cols>
  <dt>f</dt>
  <data>
    -1.72890698e+03 4.56730469e+02 -1.09264313e+02 3.68960938e+04
    -1.03764221e+02 -1.69806656e+02 -1.72873999e+03 4.43434766e+04
    -5.63803136e-01 -8.10835898e-01 -1.57070696e-01 5.73997536e+01</data></viff015_matrix>
<viff016_matrix type_id="opencv-matrix">
  <rows>3</rows>
  <cols>4</cols>
  <dt>f</dt>
  <data>
    -1.78239893e+03 1.41132446e+02 -1.13120438e+02 3.68560234e+04
    -6.91217041e+01 -1.97599319e+02 -1.72751843e+03 4.42589609e+04
    -4.10331130e-01 -8.99269521e-01 -1.51468426e-01 5.72788391e+01</data></viff016_matrix>
<viff017_matrix type_id="opencv-matrix">
  <rows>3</rows>
  <cols>4</cols>
  <dt>f</dt>
  <data>
    -1.77970178e+03 -1.71740265e+02 -1.13259941e+02 3.67934727e+04
    -3.24446259e+01 -2.18308197e+02 -1.72610315e+03 4.41537070e+04
    -2.47589722e-01 -9.57928538e-01 -1.45162642e-01 5.71297874e+01</data></viff017_matrix>
<viff018_matrix type_id="opencv-matrix">
  <rows>3</rows>
  <cols>4</cols>
  <dt>f</dt>
  <data>
    -1.72398364e+03 -4.74708191e+02 -1.10424286e+02 3.67572500e+04
    5.43404770e+00 -2.30976227e+02 -1.72475037e+03 4.40916172e+04
    -7.98515901e-02 -9.87032175e-01 -1.39252201e-01 5.70349770e+01</data></viff018_matrix>
<viff019_matrix type_id="opencv-matrix">
  <rows>3</rows>
  <cols>4</cols>
  <dt>f</dt>
  <data>
    -1.61609119e+03 -7.65921387e+02 -1.06180908e+02 3.67432070e+04
    4.51532478e+01 -2.35927216e+02 -1.72349719e+03 4.40687344e+04
    9.18171853e-02 -9.86731946e-01 -1.33901909e-01 5.69929085e+01</data></viff019_matrix>
<viff020_matrix type_id="opencv-matrix">
  <rows>3</rows>
  <cols>4</cols>
  <dt>f</dt>
  <data>
    -1.46082227e+03 -1.03219934e+03 -1.01112991e+02 3.67946289e+04
    8.42480545e+01 -2.32157227e+02 -1.72254126e+03 4.41267188e+04
    2.59638697e-01 -9.56934750e-01 -1.29859820e-01 5.70554047e+01</data></viff020_matrix>
<viff021_matrix type_id="opencv-matrix">
  <rows>3</rows>
  <cols>4</cols>
  <dt>f</dt>
  <data>
    -1.25959497e+03 -1.27034668e+03 -9.64415054e+01 3.68955586e+04
    1.23123871e+02 -2.20230270e+02 -1.72176721e+03 4.42427109e+04
    4.21714902e-01 -8.97839308e-01 -1.26653448e-01 5.71920662e+01</data></viff021_matrix>
<viff022_matrix type_id="opencv-matrix">
  <rows>3</rows>
  <cols>4</cols>
  <dt>f</dt>
  <data>
    -1.02072168e+03 -1.46940369e+03 -9.29560852e+01 3.69812969e+04
    1.61457458e+02 -2.01145691e+02 -1.72093433e+03 4.43398672e+04
    5.70831895e-01 -8.11748505e-01 -1.23350143e-01 5.73052025e+01</data></viff022_matrix>
<viff023_matrix type_id="opencv-matrix">
  <rows>3</rows>
  <cols>4</cols>
  <dt>f</dt>
  <data>
    -7.45926147e+02 -1.62646265e+03 -8.87352905e+01 3.70017930e+04
    1.98018188e+02 -1.75733322e+02 -1.71989819e+03 4.43752148e+04
    7.05071032e-01 -6.99021578e-01 -1.19346626e-01 5.73341942e+01</data></viff023_matrix>
