<?xml version="1.0"?>
<opencv_storage>
<viff000_matrix type_id="opencv-matrix">
  <rows>3</rows>
  <cols>4</cols>
  <dt>f</dt>
  <data>
    3.9924e+00   3.9418e+01  -7.6329e-01   3.9592e+00
	-1.4430e+01  -9.4144e-01  -2.7451e+01  -1.4429e+01
	1.2249e-02  -1.4575e-04  -5.6931e-04   1.2249e-02
  </data>
</viff000_matrix>
<viff001_matrix type_id="opencv-matrix">
  <rows>3</rows>
  <cols>4</cols>
  <dt>f</dt>
  <data>
    1.0773e+01   3.8126e+01  -7.6329e-01   3.9592e+00
    -1.4375e+01   1.5774e+00  -2.7451e+01  -1.4429e+01
    1.2038e-02  -2.2696e-03  -5.6931e-04   1.2249e-02
  </data>
</viff001_matrix>
<viff002_matrix type_id="opencv-matrix">
  <rows>3</rows>
  <cols>4</cols>
  <dt>f</dt>
  <data>
  	1.7235e+01   3.5674e+01  -7.6329e-01   3.9592e+00
    -1.3882e+01   4.0514e+00  -2.7451e+01  -1.4429e+01
    1.1460e-02  -4.3269e-03  -5.6931e-04   1.2249e-02
  </data>
</viff002_matrix>
<viff003_matrix type_id="opencv-matrix">
  <rows>3</rows>
  <cols>4</cols>
  <dt>f</dt>
  <data>
  	2.3165e+01   3.2142e+01  -7.6329e-01   3.9592e+00
    -1.2968e+01   6.3992e+00  -2.7451e+01  -1.4429e+01
    1.0536e-02  -6.2504e-03  -5.6931e-04   1.2249e-02
  </data>
</viff003_matrix>
<viff004_matrix type_id="opencv-matrix">
  <rows>3</rows>
  <cols>4</cols>
  <dt>f</dt>
  <data>
  	2.8412e+01   2.7613e+01  -7.6329e-01   3.9592e+00
    -1.1654e+01   8.5612e+00  -2.7451e+01  -1.4429e+01
    9.2851e-03  -7.9907e-03  -5.6931e-04   1.2249e-02
  </data>
</viff004_matrix>
<viff005_matrix type_id="opencv-matrix">
  <rows>3</rows>
  <cols>4</cols>
  <dt>f</dt>
  <data>
  	3.2784e+01   2.2246e+01  -7.6329e-01   3.9592e+00
    -9.9864e+00   1.0459e+01  -2.7451e+01  -1.4429e+01
    7.7526e-03  -9.4848e-03  -5.6931e-04   1.2249e-02
  </data>
</viff005_matrix>
<viff006_matrix type_id="opencv-matrix">
  <rows>3</rows>
  <cols>4</cols>
  <dt>f</dt>
  <data>
  	3.6147e+01   1.6219e+01  -7.6329e-01   3.9592e+00
    -8.0198e+00   1.2033e+01  -2.7451e+01  -1.4429e+01
    5.9890e-03  -1.0686e-02  -5.6931e-04   1.2249e-02
  </data>
</viff006_matrix>
<viff007_matrix type_id="opencv-matrix">
  <rows>3</rows>
  <cols>4</cols>
  <dt>f</dt>
  <data>
  	3.8409e+01   9.7183e+00  -7.6329e-01   3.9592e+00
    -5.8160e+00   1.3240e+01  -2.7451e+01  -1.4429e+01
    4.0490e-03  -1.1562e-02  -5.6931e-04   1.2249e-02
  </data>
</viff007_matrix>
<viff008_matrix type_id="opencv-matrix">
  <rows>3</rows>
  <cols>4</cols>
  <dt>f</dt>
  <data>
  	3.9513e+01   2.8969e+00  -7.6329e-01   3.9592e+00
    -3.4272e+00   1.4049e+01  -2.7451e+01  -1.4429e+01
    1.9786e-03  -1.2089e-02  -5.6931e-04   1.2249e-02
  </data>
</viff008_matrix>
<viff009_matrix type_id="opencv-matrix">
  <rows>3</rows>
  <cols>4</cols>
  <dt>f</dt>
  <data>
  	3.9420e+01  -3.9646e+00  -7.6329e-01   3.9592e+00
    -9.5159e-01   1.4430e+01  -2.7451e+01  -1.4429e+01
    -1.3713e-04  -1.2249e-02  -5.6931e-04   1.2249e-02
  </data>
</viff009_matrix>
<viff010_matrix type_id="opencv-matrix">
  <rows>3</rows>
  <cols>4</cols>
  <dt>f</dt>
  <data>
  	3.8141e+01  -1.0721e+01  -7.6329e-01   3.9592e+00
    1.5578e+00   1.4377e+01  -2.7451e+01  -1.4429e+01
    -2.2531e-03  -1.2041e-02  -5.6931e-04   1.2249e-02
  </data>
</viff010_matrix>
<viff011_matrix type_id="opencv-matrix">
  <rows>3</rows>
  <cols>4</cols>
  <dt>f</dt>
  <data>
  	3.5696e+01  -1.7190e+01  -7.6329e-01   3.9592e+00
    4.0340e+00   1.3887e+01  -2.7451e+01  -1.4429e+01
    -4.3126e-03  -1.1466e-02  -5.6931e-04   1.2249e-02
  </data>
</viff011_matrix>
<viff012_matrix type_id="opencv-matrix">
  <rows>3</rows>
  <cols>4</cols>
  <dt>f</dt>
  <data>
  	3.2135e+01  -2.3174e+01  -7.6329e-01   3.9592e+00
    6.4031e+00   1.2966e+01  -2.7451e+01  -1.4429e+01
    -6.2535e-03  -1.0534e-02  -5.6931e-04   1.2249e-02
  </data>
</viff012_matrix>
<viff013_matrix type_id="opencv-matrix">
  <rows>3</rows>
  <cols>4</cols>
  <dt>f</dt>
  <data>
  	2.7644e+01  -2.8381e+01  -7.6329e-01   3.9592e+00
    8.5483e+00   1.1664e+01  -2.7451e+01  -1.4429e+01
    -7.9805e-03  -9.2939e-03  -5.6931e-04   1.2249e-02
  </data>
</viff013_matrix>
<viff014_matrix type_id="opencv-matrix">
  <rows>3</rows>
  <cols>4</cols>
  <dt>f</dt>
  <data>
  	2.2325e+01  -3.2730e+01  -7.6329e-01   3.9592e+00
    1.0435e+01   1.0012e+01  -2.7451e+01  -1.4429e+01
    -9.4661e-03  -7.7754e-03  -5.6931e-04   1.2249e-02
  </data>
</viff014_matrix>
<viff015_matrix type_id="opencv-matrix">
  <rows>3</rows>
  <cols>4</cols>
  <dt>f</dt>
  <data>
  	1.6296e+01  -3.6113e+01  -7.6329e-01   3.9592e+00
    1.2016e+01   8.0453e+00  -2.7451e+01  -1.4429e+01
    -1.0674e-02  -6.0116e-03  -5.6931e-04   1.2249e-02
  </data>
</viff015_matrix>
<viff016_matrix type_id="opencv-matrix">
  <rows>3</rows>
  <cols>4</cols>
  <dt>f</dt>
  <data>
  	9.7625e+00  -3.8398e+01  -7.6329e-01   3.9592e+00
    1.3233e+01   5.8313e+00  -2.7451e+01  -1.4429e+01
    -1.1557e-02  -4.0623e-03  -5.6931e-04   1.2249e-02
  </data>
</viff016_matrix>
<viff017_matrix type_id="opencv-matrix">
  <rows>3</rows>
  <cols>4</cols>
  <dt>f</dt>
  <data>
  	2.9417e+00  -3.9510e+01  -7.6329e-01   3.9592e+00
    1.4045e+01   3.4431e+00  -2.7451e+01  -1.4429e+01
    -1.2087e-02  -1.9923e-03  -5.6931e-04   1.2249e-02
  </data>
</viff017_matrix>
<viff018_matrix type_id="opencv-matrix">
  <rows>3</rows>
  <cols>4</cols>
  <dt>f</dt>
  <data>
  	-3.9821e+00  -3.9419e+01  -7.6329e-01   3.9592e+00
    1.4430e+01   9.4521e-01  -2.7451e+01  -1.4429e+01
    -1.2249e-02   1.4255e-04  -5.6931e-04   1.2249e-02
  </data>
</viff018_matrix>
<viff019_matrix type_id="opencv-matrix">
  <rows>3</rows>
  <cols>4</cols>
  <dt>f</dt>
  <data>
  	-1.0773e+01  -3.8127e+01  -7.6329e-01   3.9592e+00
    1.4375e+01  -1.5772e+00  -2.7451e+01  -1.4429e+01
    -1.2038e-02   2.2694e-03  -5.6931e-04   1.2249e-02
  </data>
</viff019_matrix>
<viff020_matrix type_id="opencv-matrix">
  <rows>3</rows>
  <cols>4</cols>
  <dt>f</dt>
  <data>
  	-1.7229e+01  -3.5677e+01  -7.6329e-01   3.9592e+00
    1.3882e+01  -4.0490e+00  -2.7451e+01  -1.4429e+01
    -1.1461e-02   4.3250e-03  -5.6931e-04   1.2249e-02
  </data>
</viff020_matrix>
<viff021_matrix type_id="opencv-matrix">
  <rows>3</rows>
  <cols>4</cols>
  <dt>f</dt>
  <data>
  	-2.3161e+01  -3.2144e+01  -7.6329e-01   3.9592e+00
    1.2969e+01  -6.3976e+00  -2.7451e+01  -1.4429e+01
    -1.0536e-02   6.2491e-03  -5.6931e-04   1.2249e-02
  </data>
</viff021_matrix>
<viff022_matrix type_id="opencv-matrix">
  <rows>3</rows>
  <cols>4</cols>
  <dt>f</dt>
  <data>
  	-2.8394e+01  -2.7631e+01  -7.6329e-01   3.9592e+00
    1.1660e+01  -8.5538e+00  -2.7451e+01  -1.4429e+01
    -9.2902e-03   7.9848e-03  -5.6931e-04   1.2249e-02
  </data>
</viff022_matrix>
<viff023_matrix type_id="opencv-matrix">
  <rows>3</rows>
  <cols>4</cols>
  <dt>f</dt>
  <data>
  	-3.2766e+01  -2.2273e+01  -7.6329e-01   3.9592e+00
    9.9949e+00  -1.0451e+01  -2.7451e+01  -1.4429e+01
    -7.7603e-03   9.4785e-03  -5.6931e-04   1.2249e-02
  </data>
</viff023_matrix>
<viff024_matrix type_id="opencv-matrix">
  <rows>3</rows>
  <cols>4</cols>
  <dt>f</dt>
  <data>
  	-3.6139e+01  -1.6238e+01  -7.6329e-01   3.9592e+00
    8.0259e+00  -1.2029e+01  -2.7451e+01  -1.4429e+01
    -5.9943e-03   1.0683e-02  -5.6931e-04   1.2249e-02
  </data>
</viff024_matrix>
<viff025_matrix type_id="opencv-matrix">
  <rows>3</rows>
  <cols>4</cols>
  <dt>f</dt>
  <data>
  	-3.8416e+01  -9.6900e+00  -7.6329e-01   3.9592e+00
    5.8063e+00  -1.3244e+01  -2.7451e+01  -1.4429e+01
    -4.0405e-03   1.1565e-02  -5.6931e-04   1.2249e-02
  </data>
</viff025_matrix>
<viff026_matrix type_id="opencv-matrix">
  <rows>3</rows>
  <cols>4</cols>
  <dt>f</dt>
  <data>
  	-3.9516e+01  -2.8629e+00  -7.6329e-01   3.9592e+00
    3.4151e+00  -1.4052e+01  -2.7451e+01  -1.4429e+01
    -1.9682e-03   1.2091e-02  -5.6931e-04   1.2249e-02
  </data>
</viff026_matrix>
